NOMINUM PROPRIORUM.

811,1,1014.ΙῙ,1,.1011,,8 116.
11, 4, 19. 00. Π, 8, 16. 801111,
14, 81. 1, 15, 51.
7010080000810701, 8111, 4, 51.
Faunae, 01101. 1,4, 11. Ι, 17,
11,174,.,.58111184Epiu4..1154
A. P. 141.
Favonius, 01110. 1, 4, ,1. 111, 7,9.
Forentum, 801111, 17, 8.
1110110, 811 Ι, 0, 14.
0101111101,Ι1001.0, 1, 145.
Fidenae, 80111. 1, 11, 8,
1000106011, 6, 79.
1000101111, 5. 11, 1.
Forentum, 01110. 111, 4, 16.
Γῗὸηὲἵσ,“01101.111, 17,6. 011,
1018011101, 8111, 10, 41. 11,819.
111081,8111, 5, 54.
rmus, 111, 1, 10, 00.

001ςο01111μ1171ᾼ110,
1, 95. 4411, 9, 8.
Gades, 00110119, 11. 11, 61
0017117111, (hm4L5515. 11,20,10.
ΙΠ, 10, 9. 8011111, 2, 181.
00101101,00111.ΡΙ],6,10.
00771801. 1,9, 197. 411,l,14
0000101811, Cum. 17, 4, 4. 01111,
0010111111, 011101. Π, 9, 7.
01171017100111011918. 11,90,19.
111·,.011·10 1514, 10.
Gopppau'a, 01110. IV, 5, 96. 8006.
0110011, Omn. 11, 14, 8.
01701, 01001. 111,424,11. 17, 15, 99.
01001111, 0111οἸ1, 11, 7. 1411, 1, 7.
01000811, 8011117, 9,89.

0107101, 0117οη14, 5. Ι, 80, 6,111,
79,18. 11121, 22. 17, 7 0
0101071111, 01001116. Ε.Ι,19,99.
00070110181814. 41II,4,55.

1108170, 01101. 1, 5, 15. 11110.
Π,11,2. 1114, 9,0. 1141,4525.
117, 17, 19. 801111, 18, 89 01.
01110 41, 16, 4.

8011101110, 01101. 1, 37, 20.

8011110011·ιο Ι, 79, 6.

Hannibal, 6110111, 11, 1. 111, 5, 86
17,,44917,,.816800(176,.8

8016111707, 01101, 17, 1, 88. 71.

11071100011111101011190 10.
80111.,,.188 14,1515.

1111071, 8111, 8, 545.

Η10701,..”,,.011·701141017,,999.

697

80011111. 81117, 12. 01.
01101. 117, 9, 26.

11171110, 00101.’1,3,9.1,10,9. 17,
9, 16. 80001112. 81188107.

17171000, 01101. Ι, 11, 0. 80111. 11,
1, 118. A. P. 42554

1111100711, 01110. 111, 5,.5 111,14,1.
17,.4,61 IV,54.551V4,850.
8006. 3,17. 17 81 81111613.
0101111, 1,0. ὖ01.,’;.011·111.1896

11111100 1011, 811 Ι,9,119. 1,4‚72.
1, 5, 425. 41, 10, 18. 80.

11110801,80111.Ι1,9, 184

1171101110, v4i4450 16771101. ΙΙ, 1, 82.

Ιῖ1671,0111’10.11,10,90.

11111170, 01101. 77, 5455. IV, 14, 50
8001111. 01. 8001118.

11100 ol 0,1111 01101. IV, 7, 26.

1111011101, 011111. ΙΙ, 14·l41!1pis41,l5

Hamus, 01101. 171, 6, 514.4 1114, 8,
91. 111, 14, 3.

Πο0111111, 01110. 17, 5, 6. 81111,
10, 62. 80111. 1, 15, 6. 11,1, 50.
A. P. 74. 889. 101.

000811,0110,Ι,0,11.

Η 0,801011 01110. 1, 29, 8.

Hgmuffe, 01110. 11, 5414. 11,1,8 5.
11. 9,10.

101101, 0111017110 81111, 8, 18.
11, 6, 90. 8011181, 54141659.
145041. II,414, 100.

Ῑῳ 001,701 0111111817.

pw,O.arm 1010111111.

110101, 01101. 71, 90, 18. 1114‚.721

1001111, 011011, 99. 80111. 1, 12.

180, barm. 1114 90, 1870181ομ9

1801110101, 0111017010.

171180,80111.1,90, 13.

1710, 0111111, 24, 17. 111,9,8. 17, 8,
99. 81119196.

17101, 17111111, vide 16 01101. I, 10, 14.

17071010, 0. 8. 14.

11100101, earm. 11, 5, 91. 111, 19, 1.

1118111, carm.1,12‚ 55. IV, 14, 49.
80111. 1, l, 45. 1, 6, 6.

Ino, Α. P. 193.

Io, A. P. 194.

170710, 01110. 1, 97,16. Ill, 5, 40.
pV„ 14, ,11, 8111, 5, 55. 80111
110711, 1011111.,Π 7,4. Π,18,18.
111, 450, 15. 17, 1, 4917, 154 15.
811.116,06.80111,,.1112
1771010,8’1111,049801111,7,41.

of. 80111 1, 5, 4.55
1701, 01110. 14V,4,l5 5.
106011,811.1,’4,148. Ι,9, 70.

 

