626

3,18.ΠΙ,4,119.’8661,’,811.

666,66Ἠὣ6116
6Η6.1,61ΗΜ
lmmmmffllwwL
ww9mlaeun⁶,m
nfflvwnwmnwn

111161116664111448111

ι,’Μ1.6666,6,6
ωώ66666πη.’6.
ΝΗ66661ΜΜ,6
ω16666166.’6
6.66666Ηι,6
1.mmm,m.mmn,’m.
Lm,m‚w,8mem

1,68.

Ixion, Garm. ΙΙΙ, 11, 21. A.P.124.

,.Garm ΙΙΙ, 5, 68. 17, 4, 68.
Ι7,8,17. Epod.8,25. 866111, 66.

14665696

16616111,866.1,10,6. ·
Lacedaomon, 01111111, 7, 10.
4661111, 81111, 1, 65. 72.
Ειιιιιιιιιιιι, 061111.111, 16, 84.
Lamia, 111164ιὶ161.
Laomedon, Cum. 111, 3, 22.

16641716ι,061·111.1,18,8.11,12,5.

16ιι116,0111·ιιι.1,7,11.

1616116,66116.1,21,8.111,28,12.

17, 6, 87.
Lauerna. Epist. 1, 16, 60.
4166668666. L 11, 6.

Lesbos, 1111116111, 11406661,

1118461666111, 12, 22. 1, 16,.7
L48,7.L42..'„’.91110711L

8,.7 441, 21,.21 17,,884.17,
12, 14. 17, 15, 28. 8611611, l, 5.
’ Libitina, 011111. 111, 80, 7. 864. 11,

6, 12. Epist. 11, 1, 42.
14616161, 0661111.
Livy ιιιιιι’,6 carm. ΙΙ, 12, 13. 28.
Ln'rt'L 661111. 1, 81, 7. ΙΙΙ, 17,8.

' Ιιιιιιιι 41661116168611611, 1,82.69.
1611161, 0161161. 66611616.

Ιιιιιιιιιι, 811111, 8466. 11,8,6
1166644111, 1111611885.

Lucina, C. 8. 15. Ε pod.5‚ 6.

‘ Ιιιιιιιιίι“ι,06ιιιι.1,17, 1.
Lucullus, Epist. 1, 6, 40.’ 11, 2, 26.

· Lycambos, 6166,ss 18 Epist. Ι, 18, 25.

Qmwffm,'oemmms.

L ymmo, 866.,12,20. 1161161828.

66161661, 11ρὶ11. 11, 1, 240.
14611616618161181668.

INDEX

Iamba, 01116. Π,1,28. 11661828.
Ιιιιιι,061’16.,,.17811,,.125111,

ΙΙιιιίιιιΤιιιρι,866.1,10,88.Α.Ρ.887.

Maenius, 866. L 1, 101. Ι, 8, 21. 28.
11111161, 15, 26.

Maeonia, Epo8 10.

Mandela, E 16116, 105.

Marcellus, 61111. I, 12, 46.

1461166, 011111. 111, 17, 7.

Μιιι, 016611, 6,18.1, 17, 28. Ι,
28, 17.11,14, 18. 111, 8, 16. 111,
5,24. 17,14, 2. 61,,,17828.

14661111,061·111.1, 1,28 1,2,32.
11,26,.,’,'1811159. llL'Jl418.
Epod. 5, 76. 17, 22.

14616668661, 6, 120.

Massicum (1111111111, Cam. 1, 1, 12.
11,7,21.111,21,.5 Sat.4l,4,51.

14644116, 211ιιιι.1,28,8.17, 2, 27.
Epo d. 16, 26.

1166161,061111.1,22,2.11,6,8.

111,Ιο, 18.
111616, Ε p.od 8, 105 62. 412128.

Πιιι·,οι16,,1,151.1,27,.61,,691.
Π,2, 21. 11,16,6. 111, 8, 44. 111,
5,2.111,8,.19Ι7,14,42.

Μοῖσαι ιι, 11. P. 146.

1116611661,866.11,8, 11.Epist.11,

1, 57. 115611. 822.
Menelaus, 866. 11,8, 128.
Marcum, 0611111, 10. 1, 24, 181,
80,.,811718.111,11.864.11,,868.
Meriones, Ca.,1·mI 6,15. Ι, 15, 26.
1111161116. 861. l, 6, 42. 1, 10, 85.
1161161, 611111. 111, 4, 58.
111616616611111181865. 11,2,101.
mma, 046111. 1118. 28. 114, 12, 4.
Ι7,,618.861.11,28 117885.
1141161,061’111.1,28,2. 17, 7, 21.
1461461661, 11611161, 5, 5.
Minucius (1116211114, 1, 18,20.
1161111161,8116116,5.8116.11,6,114.
Monaeses, 011111. 411, 6, 2.
1466611111 Plancus, 861611. L* ι, ΠΙ,
14,.2861.12114.1,,381.
14166116416616. 1,,12 118661μὸ 86.
mffianwmmm2.m,mst
Myrtoum 6166261611, 1,14.
1116411666, 061111.1,7, l. Epietql 11,17.

Ναιιίιιι, Epist. 11, 1, 58. “
1166466141, Garm. l, 28, 29. 411, 28,
10. 2 Epod. 7, 8. 17, 55. 86116
Ι,11,10. 6181.
816601165161711161166,6166117,
4, 28. 87. 17, 14, 14 81111618,
21241,12,26.11,,.21
171111168665. 17, 82.
Nestor. 61111111, 15, 22. 1161641,

 

