INDEX 110111111111Ρ11οΡ1110111111.

’625

,1114011119819119 1911111191, Bistonides, 0111111, 11, 19, 90.

19, 95, 98. Α, P. 79.
Λ115111α,(1111·111.1,28,2.
Arctum, (1111111. ΙΙΙ, 1, 27.

Arpos c'arm.1‚7,9. ,4119811991
31,92Ε1)1119,112,128Δ,Ρ,.118

,1191991191 1111119 Π, 9, 167,

Λη9111115111,Δ.Ρ.450.

,411911111111981989 100. 11111191,

111. 111, 1411.
,111111119011111199 1111161.

110, 83· E 119, Ι. 10.
,4111111115111919149
Asamus, 8991, 5, 78.

Α1111ω,811.1,1’,64.11,7,13.

1111111. 11, l, 919 11, 9, 48. 81
,1111901141119 1.
,1111111111 186.

Atridas, Caml, 10, 19. 8111. 11, 9,
903. ·- Cam. 11, 4, 9811. 11, 3,187.
Epist. 1, 9, 19. -11111119174-3.

Aua,Epist.11, 1, 79.

Auahu, 1,.041'111 11,18,5. 1,1,12.

111)1111.1,,.115

,4111198119 Ι,10,53.1111111,11,1,

56. Δ. P. 958.

Aufidus, (111111.111,90,10. Ν, 9, 9,

11, 11,, 15. 111. 1, 1, 58.

1111;111·11ῗ·.,111,1.1
17, 4, 27. 17, 5. 17,14. 1V,15.

11111111. 1, 3, 7. 1, 16, 99, Π, 1.
Aulon, (1111111. ΙΙ, 6, 18.
Αωιον,(1111111.11,14,16.111,3,4.

111272217,14,.211111011.1(14.

8111,1,1,,6 11,2,41,Ρ11,,618.
11,8,6.1111111.1,11,15.
,111105111911869111111911963.

1355 1111111111, (1111111. Ι, 11, 9.

Βαοο111,(111·111.111,95,19

Bacchus, (1111111173 1186 1
27,.311,6,13.11,19,1.6,111,
313 111, 16, 34. 111, 85. 81191,
3, 7. Epist. 11, 9, 78.

Baetra, (1111111.111,93,98.

Baiae, (1111111, Π, 18, 20, 111, 4, 94,
11111119,,1183. Ι,15,9.Ι2. 111.
8111, 11, 4, 99.

1111πᾶ111111, (1111111. 111,13,1.

3111111111 11111111,011·111 411, 4, 15.

9111111111, 81191, 5, 97.

911111119011111, 18, 11.

1111111111μή55 (1111111,111,7,15. ΙΠ,
12, 8. 17, 11, 28.

1111116111, 944. 119223.

Berecyntius, 01111111, 18, 13. ΠΙ, 19,
18. Ν, 1, 22.

31111111111101111,1111111.11,9, 60,

11512114404511151511351047.

1111111111, ’51111.1,.11,.’.,,11111111
1100011, Ep 119 11, 1, 944,

Borean, (1111111. 111, 94, 33.
11,(11111 11,18,14. 11, 20, 14.

1111111111ΙΙ301111111,17,14,11.

11111119, 01111111, 4, 8.

Britannus, (11111111, 21, 15. 1,,35 30.
111,4,.88111,5,8.1V1448.

1111111911,8111,5,104.11ρὶ11.

3111111111, 811111. 11, 7, 8. 8111.,,1718.

11991111, 14.

0511111111, Δ, Ρ. 187.
0111111111,111)11911,1,.53 A..5P 54.
05159551,0111111,,120, 9. Ι,7,3 75.
111,.425Π1,288111)611,3Ι,.
36. 8111. 11, 8, 15.
anoar, (1111111. 1, 6,11.1,19,51,
1,91,14. Ι,35, 93. 1,37,17,
ΙΙ, 9, 20. 11, 19, 10. 111, 4, 37.
111, 11, 3. 15. 111, 15. 1. 11, 1,
84. 48. 17, 5, 16. 27. Ν, 15, 4. 17,
1111011. 1, 8. 9, 2. 87. 811, 1, 3, 4, 11,
111. 11. E 111. 1, 5, 1. 1, 1111.
Ι,,1318, ,,.,148411,2,48,
-0111111, 9, 44. 8111..1,9 18,
0111115119 0111111, 1, 31, 5. 51. (1111111.
Ι, 88,1.8 ΙΙΙ,16,33. 17, 8, 90,
Ε1).ο(11,97.1111111,,17,14
0111111111, (1111111. l,10,9. Ι, 31, 9.
Galea, (1111111, IV, 12, 14.
Callimachus, 1111111. 11, 2, 100. (11.
Sat. Ι, 2, 101).
eatam, 811. 1, 10, 19.
Camillus, Oarm. 1, 12, 42, Ep. 1, 1,64.
011111 panus, 811, 1, 5, 45. 69, 1, 6, 118.
11,9, 144. Π, 8, 56.
0555515, 0111111111. 111, 11, 1.
0111119111,11110(1.,3 8 E 51158117. 8111,
1 8 24 48. 81911948 11,,835.
0111111111,0111111.11,6,9. 11,11,1.
111, 8, 99, IV, 14, 41. 11111191, 19,
96. 5111111191 18 55
0111111911,8111.,1 9911111111.
0111110 Fo11teiu5, 8111, 1, 5, 82.
011115,11.,.11(1(1]65 8191947.
05111111,1111119.,1 7, 48.
Carpathmmp 1111111, carm 1, 85, 8,
01111111 0111111111,8111.1, 10, 69.
Gauius Parmensis, Epist. Ι, 4, 8.
0111111, 011111. 17, 5, 35. 111106, 17,
4111. 111. 11, 1, 15. Epist. 11,
1, 5. (1111111. 1, 18, 19.)
00117111, carm. 1, 18, 2.

40

 

