686

inquit, 881. 1, 4, 78.

indua, 881 1, 2, 29.
institor, 081111. 111, 6, 80.
1818818818,881.1,4, 105. ·
8811 - et 8811, 8811, 7, 11. Epist.
1'21410’02359‹1142123101503⁷ (ἔξω 8881888188,
nn. , , .
18181181ίὶ8, 881. 11, 8,181.
inuuere, 881. 11, 6, 84.
ire de tompore, 0811811, 14, 1.
88181. 11, 2, 55. 81. Α. Ρ. 175,
1888811 1111, 6, 17.
is cum emp i. 08118.111,11,18.
- {a syllaba 11118111 longa, 08181. 111,
28, 8. 881.11,8,1.
“- 81111881 1181111 longa. 08181. Ι,
8, 88. 111, 11, 1. 8111181. 11,
- {re syllaba 1188111 8811881118818.
'longa 881 1, 9, 21.
ita in 18111, 811. 11, Ι2, 124; in 881-
108811888111, 7, 2.
818888, 1181111, 1, 10.
sichero, 01181. 111, 8, 2.
theomari, A. P. 246.
masma, 08118. 111, 14, 27.
Iuliorum, 0111111, 27, 19. 8811,
1881888, 881. 11, 7, 55.
1118881811, 08111 11, 18, 12.
taem, 08181. 111, 26; 5. 111,27,15.
lamia, monstrum, A. P. 940.
lana, 08118111, 16, 88.
ὶαᾳιιὲοαῖῗ tecta 11888881), carm. 11,
Larium 1111181188, 01181111, 28, 15.
18188881,881.1, 6, 109.
41118881. l, 8, 188.
lama tegere, 881. 11, 5, 18.
laum, 081111. 11, 7, 18.
lavore, 08181. 11, 8, 18.
uoti 8181188181, 881. 11,4, 84. Η, 8, 20.
lemures, Epist. 11. 2, 208.
lopus, 88111. 4, 44.

. 188 Roscia, Epod. 4, 16, de 18811·

tandis 8111181881, C. S. 183 1188·
18118, 881. 1, 2. 16;18 1881181111
181111, 811. 11, 8, 285.

libri pontificum, 118111. 11, 1, 20; va·
ticini, 1518.

libum, Epist. 1, 10, 10.

uam, 8111111188. 81811, 1.

8118111181. 15, 19.

tunimo, 811. 1, 7, 8.

811ιᾷ1, earm. 1, 1, 18. 111, 181.

2 9, 51·
1111188 81 tuba, 08118. 1, 1,28.
1888, in 1888, 011111 IV, 12, 28.

INDEX

1881811881. I, 8, 74.

loligo, 881. 1, 4, 100.

18181181 fluvius, Epod. 18, 14.

lucerna, 081111. 111, 21, 28. ’

18181818, 881. 11, 8, 245.

lutum, Egod. 10, 16.

lympha, arm.111,13,16.

lymphatus, 08181. I, 87, 14.

malo, 01181.1,17,28. lv, 12, 7.
881. 1, 9, 88.

mala 8881181111, 08118111, 14, 11.

88188,08111.Ι, 31, 14.

81811818, 1181111, 19, 44.

mancipare, Epist. ll, 2,158.

mannus, 08111. 111, 27, 7.

mamm, 881.-11, 8, 11.

manu 81114111, 881. 11, 7, 76881181.

mappa, 881. 11, 8, 68.

11811·181111181.Ερο(1. 2, 10.

martem 8. 881., 08181. 111, 5, 6.

marmora, 08118. 11, 18, 3.

8818888188, 881. 11, 8. 88.

mediamna, 118111114, 41.

meditari, 01111. 111, 21, 8.

modim, 01111. 11, 19, 28.

metatus 8811118, 081111. 11, 15. 15.

811118811811ξῦ8181115,6. Epist.

81818818, 011111. 11, 2, 7. 111, 24, 22.

88711818,Εροᾶ. 1. 28.

milk 8811188111. 88111, 8197.

minari, Epist. 1, 8, 8.

minuo, 11. non, nihil, mpod. 5,· 01.

mirum, 11, 881. 11,1, 54.

111ἒῖ1, 048111. 11, 1, 40. 11, 9, 9. 111,

,1.

modulam 81118, Cam-1, 82, 5.

momenta, 8111. I, 6, 4.

'1141ssssss 1881 1118111011

1 · v 1 ·

1181181 Campanus, 881 1, 5, 623 18·
gius, A. P. 488.

mordere, 081111, 81, 8. IV, 8, 10.

1181188 1111181181, 08181. 111, 7, 20.

81811881,881. 11, 4, 26. ·

8181181, 08111. 1, 25, 5. 1, 7, 8. 1,
15, 6. 881. 1, 8, 57.

munim 88 aliquare, 08181111, 16,8.

murteta, 1111111, 15, 5.

8181818, 081111. 1,17,2. 181128.

nam postpositum, 08111. 1, 18, 8,
παρενθετικῶς, 08181111, 11, 1. of.
Epod. 11, 7.

nardus, 08118. IV, 12, 17. mpod.
18, 9; 1888808181. Π, 11, 16.

natare de animo, 881. 11, 7 ,-7.

1888881888881, Ε 111. 1, 6, 20.

m, 08118. 1, 2, 5. 11, 7, 25. 111, 2, 8.
881. 11, 8, 262. 1181111147.

 

