826

01111 Oeam, 011111. Π, 18, 11.
111, 21, 11. sat. 1, 2, 82. Epist.
11, 2, 117. Δ. Ρ. 88.

01111 01111111110111111, 12, 88. 11,
1, 24. 1111111111.

11111111811, 11, 11.

0111111111, (hm, 1, 22, 7. Epod. l, 12.

ocem Albinovanus, 11ρί11 Ι, 8, 18.

0111118111, 011111. 17, 8.

11111110111111, 11, 11. 111,11,11.

11111, 8111111111, 11. 111, 11, 11.
17, 8, 18. Epod. 16, 48. 0. 8. 80.
1111111111. ΙΙ,8, 14.

11111111, 81111111, 117. 1111.

Charybdin, 011111. Ι, 27, 19. Δ. P. 148.

011111,01111.1Π, 19, 8. Ερο8.8,84.
8111, 10, 24. Π,8, 118. 11,8, 18. 48.

01ἰζν11ζ11,6011·111.1,27,24. 11, 17, 18.

0111111111, Ε 111. Π, 1, 288. Δ. Ρ. 887.

omnm, 811. 1, 1, 111. 11, 111.
287. Epist. 1, 2, 4.

cvm, Cum.1,17‚20. 11111111, 11.
1111111, 28. 11811111. l, 80.

alaudam. iberius Claudius Nero),
011111. ,14, 28. Epist. 1, 8, 2.
I, 9, 1. Ι, 12, 28. 11. Cam. 17, 4, 78.

cleopatra, 0111111, 87, 7.

8111811111111111 111, 8.

cocyton, 011111 Π, 14, 17.

0111111111, 01111. ΙΠ, 4, 84.

. 111111110811. 1, 7, 2. 11111111,
17, 88. 11,1,188.

0111111111011111, 18, 8.

011911, Cum. I, 21, 8.

Omnem, Epist. 1, 2, 4.

omerus, 81111, 8, 161.

0111111111, 811. 1, 4,1. Epist. 1, 18, 1.

01111011ΜΠΙ,27,84.Ε ., .
11. 011111. 1, 26, 2. 11. 1,86,16.

11,·11811111, 81111. 1, 1,5126. 1, 8, 188.

eursu, 0111111111. 11. 1,1,11.

cyclada, 0111111, 14, 20. 1112814.

01111111, 011111. Ι, 4, 7. 8111, 8, 68.
Ερὶ11.ΙΙ,2,.128. Δ. P. 148.

111111.. arcun, cm. 11, 9, 11.

01111111111181. 011111. 1, 1, 18, 11111·-
111, 011111 111, 29, 80.

0 ,011111 1, 1. 1,11, 11.
,80, 2. III, 26, 9.

0111111111, 011111. 1, 4, 8. 111, 12, 4.

8111181111, 88, 9. Π,20,18.
111, 6,14. 811. 11, 8, 88.
81111111,01111.1,1,14. 11, 20, 18.
011111. 17, 2, 2.

Βῗίηα, 8111. 1, 8, 88. 11, 8, 18. 101.

INDEX

1111111111· ,81111,8,18.84.88.
Danae, 11111.111,16,1.
0111111111, 011111,11,14,18. 111,11,28.
81111111111111111. 011111. 17, 8, 7.
Daunus, 011111. ΙΙΙ, 80, 11. 17, 14,
123. 11. 0111112214 11, 1, 34.
,8, 27.
1111118111, 10, 40. 11, 8, 81. Π,
7, 2. 100.Ι Α. P. 287.
December, 011111. 1111110. Epod.
11, 8. 811. ΙΙ, 7, 4. ’
Deiphobus, 011111. 17, 8, 22.
Delma, 011111. Π, 8.
90101,01rm.1,21,10. 1801111.
ΙΙΙ, 4, 64. 17, 8, 8. 17, 8, 88.
1111111, 011111. 1, 7, 8. Δ. P. 218.
18 01111. 111, 80, 18,
Demetrius, 811. Ι, 10, 78. 90.
Βᾜιιοςᾶιιι, 117ρί11. 1, 12, 12. 11,1,194.
Diana, 011111. 1,21. 11,12,20. ΙΙΙ, 4,
71. 111, 11. lv, 7, 11. 1111111.
17,8. 0. 8. l. 70. 78. Δ.Ρ.484.
0111111111, Cam. Ι, 84, 8. 111,2,29.
01111111111311111. 1, 18, 104.
Dindymene, 011111. 1, 18, 8.
1111111111, Sat. 1, ·5, 11. 1,1, 11.
Δ. Ρ, 146.“
Dorium 11111111ιῶ 11. 8,6.
1111111111111111. ,1,178.
Drusus, 0111117, 4,18. 17, 14, 10.

Edom', 01111117, 27.

1711111, 1111, 2, 126.

Electra, 811. 11, 8, 140. ¹

Empedocles, 11111, 12, 20. Α. Ρ. 488.

Enceladus, 011111. ΙΙΙ, 4, 88.

Ε11111111, vide ad 011111173120· ,
8111, 10,14.. Epist. Ι, 117-
Α. Ρ. 86. 288. 1

Ephesus, 0111111, 7, 2.

8181111111, 11111111, 1, 88. 1

Epicurus, Epiust.. 1, 4, 18. ,

Erycina, 011111. 1, 2, 88.

Erymanthus, 01111. 1, 21, 7. 1

81111111, snt. 1,1, 11. 11133·

· 1111111111. 11, 11.

81111111,811.Ι,4,1. 11,8, 12·

Europe, 011111. ΙΙΙ, 27, 28. 87·

Eunu, 011111. Ι, 18, 28. 11, 16114·
1111111.1111111110· .

1111111111,1,11.1,11,11. 1

8111101181, 11189.
Enim, earm. 1, 18, 9. ΙΙ, ῙῙι ¹7· 1

1111·11,8111,1,14 Ι, 71134·

Fabricius pm, 811. 11, 8, 36·

racemum vinum, 0111111101 ¹⁰·
111, 11. 1118. 1111911
11,19. 111, 1, 11. 11111113·

 

